0.35475,-0.30511,-1
0.85708,0.30203,1
-0.27399,-0.71564,1
0.36172,-0.80759,1
0.35184,-0.095211,-1
-0.37395,-0.00063238,-1
-0.75959,-0.62102,1
-0.57243,-0.80294,1
0.029339,0.5101,-1
-0.41363,-0.49198,1
0.18356,-0.283,-1
-0.34378,-0.78751,1
0.3264,-0.20725,-1
0.3194,-0.71257,1
-0.64095,-0.56012,1
-0.61728,0.13291,1
0.98444,0.15675,1
0.39628,-0.22276,-1
0.33458,-0.80092,1
-0.13551,-0.055794,1
-0.42215,-0.19006,-1
0.29924,0.65928,1
-0.056155,-0.53434,-1
0.0945,-0.71124,1
0.4881,0.15909,-1
-0.33178,0.68941,1
-0.35049,0.75503,1
-0.816,-0.071962,1
0.55777,-0.55209,1
-0.041589,0.65787,1
-0.75988,0.57887,1
-0.19815,-0.50661,-1
0.52127,0.21248,-1
0.42144,-0.065384,-1
-0.61567,-0.33189,1
-0.80631,0.30602,1
0.85763,0.16252,1
-0.11064,-0.6457,1
0.63047,0.41827,1
0.2915,0.32397,-1
-0.97256,-0.021528,1
-0.92821,-0.23311,1
-0.818,0.26827,1
0.096869,0.50775,-1
0.81695,0.084076,1
0.30324,-0.36728,-1
0.87758,-0.1518,1
0.01648,-0.70466,1
0.72405,-0.5679,1
0.13728,-0.73819,1
-0.83217,-0.33591,1
0.33372,0.26357,-1
-0.29984,0.56736,1
0.79669,0.44608,1
0.63416,-0.25286,1
0.75792,-0.64322,1
0.27159,-0.93352,1
-0.17541,0.61497,1
0.86307,0.10543,1
-0.18938,0.70125,1
0.68832,-0.54835,1
-0.9529,-0.14171,1
-0.45826,0.75922,1
-0.4917,0.66469,1
-0.62784,0.40432,1
-0.38462,-0.83462,1
-0.98634,-0.075766,1
-0.49685,-0.74538,1
-0.74034,0.66358,1
0.88022,0.31526,1
-0.10093,0.666,1
0.77736,-0.32246,1
0.90132,-0.0988,1
-0.42222,-0.10988,-1
0.64886,-0.33125,1
-0.39636,-0.13921,-1
-0.70396,-0.43901,1
0.6763,-0.21627,1
-0.38663,-0.26656,-1
-0.52542,-0.69259,1
0.13017,0.89149,1
-0.83241,0.41362,1
-0.13995,-0.97721,1
0.34112,-0.72455,1
0.73851,-0.60525,1
0.065735,-0.18682,1
-0.064288,-0.89497,1
0.58195,0.81149,1
-0.9158,-0.25649,1
-0.72082,0.61792,1
-0.2394,-0.42783,-1
-0.59566,-0.72633,1
0.70502,0.52607,1
0.43571,0.82739,1
-0.012861,-0.51936,-1
0.16715,-0.63058,1
0.74298,-0.37319,1
0.73251,-0.033092,1
0.10861,-0.014799,1
0.76205,-0.11461,1
0.6513,-0.62739,1
0.5598,-0.038092,-1
0.49977,0.27635,-1
0.74816,0.63805,1
-0.71629,0.029238,1
-0.31674,0.38958,-1
-0.60422,-0.54759,1
0.30703,-0.19265,-1
0.84467,-0.20839,1
-0.60103,0.32421,1
0.62985,-0.41057,1
-0.59034,0.49457,1
-0.18671,0.12846,1
0.061502,-0.21692,1
0.41416,-0.027777,-1
-0.34234,0.037197,-1
-0.23677,0.48014,-1
0.60248,0.45299,1
-0.10214,-0.4278,-1
0.075871,0.51684,-1
0.0088272,0.39568,-1
-0.050222,-0.40884,-1
0.39564,-0.90133,1
0.26115,-0.39776,-1
-0.41246,-0.52731,1
-0.43325,-0.3773,-1
-0.30113,0.12855,-1
-0.29311,0.69507,1
0.3057,0.10744,-1
0.52177,0.13852,-1
0.48622,0.61659,1
0.82771,0.44674,1
0.09134,0.076728,1
-0.20718,0.17705,1
-0.24079,-0.27169,-1
0.46373,0.0033056,-1
0.19972,0.72188,1
-0.59066,-0.2214,1
0.69309,-0.44417,1
-0.62029,-0.034183,1
0.25604,0.037161,1
0.90688,0.10102,1
0.60797,-0.66672,1
0.76632,0.21822,1
0.21815,0.75857,1
0.95619,0.20986,1
-0.38262,-0.86918,1
-0.33943,-0.59183,1
-0.031795,0.80095,1
-0.57239,0.56414,1
0.59823,0.22548,1
-0.40329,0.32293,-1
0.3932,0.38968,-1
-0.10742,0.10008,1
0.70121,-0.50619,1
0.59985,0.71161,1
0.57634,-0.30824,1
0.40402,0.54681,1
0.86841,-0.26861,1
0.60772,-0.45334,1
-0.37707,-0.70246,1
-0.33774,0.25701,-1
0.2977,-0.77051,1
-0.44535,-0.80658,1
-0.26176,-0.50453,-1
0.43308,0.049842,-1
0.4577,0.61561,1
-0.33707,-0.25477,-1
-0.69475,-0.19338,1
-0.35922,0.89983,1
-0.0098209,-0.22641,1
-0.2542,0.37503,-1
-0.50142,-0.54169,1
0.75613,-0.62124,1
0.09513,-0.96142,1
0.96546,-0.10574,1
0.24305,-0.42882,-1
-0.33646,0.59109,1
0.23523,-0.72009,1
0.58509,-0.68211,1
0.027377,-0.56788,-1
0.81212,-0.33359,1
0.52624,-0.58368,1
0.67485,-0.30451,1
0.089186,0.34679,-1
0.93982,-0.093004,1
0.33075,-0.74391,1
-0.6355,-0.69051,1
0.076701,-0.36863,-1
-0.60377,0.58396,1
0.038773,0.043935,1
-0.26185,-0.30754,-1
-0.15477,0.89092,1
-0.49259,0.37689,1
-0.34315,0.85433,1
0.22104,-0.84767,1
-0.28875,-0.75508,1
0.17817,-0.33105,-1
-0.15176,-0.029566,1
-0.37188,0.1664,-1
-0.32252,-0.15241,-1
-0.50084,0.16667,-1
0.13277,-0.9046,1
-0.060776,0.1333,1
0.61094,-0.74995,1
-0.31246,-0.60691,1
0.38122,0.43405,-1
0.42305,0.75333,1
0.8462,-0.52361,1
-0.1721,0.19129,1
-0.68387,0.28891,1
-0.49715,-0.52842,1
0.39571,-0.30971,-1
-0.17738,-0.89437,1
-0.15948,-0.64361,1
0.60593,0.69284,1
-0.63529,0.03021,1
0.68545,0.63343,1
0.074931,0.88799,1
-0.92956,-0.13768,1
0.47846,0.43695,1
0.11016,-0.32723,-1
0.31989,-0.8658,1
-0.61264,0.75446,1
-0.086226,0.41608,-1
-0.3326,-0.5255,1
-0.3649,-0.22452,-1
0.68197,0.014137,1
-0.81374,0.27272,1
0.020564,0.46973,-1
-0.24894,-0.31936,-1
-0.54898,0.096202,-1
-0.74552,-0.15888,1
-0.83452,0.081326,1
-0.34018,0.63742,1
-0.36991,0.27854,-1
-0.080392,-0.20978,1
-0.14952,0.60584,1
0.45452,0.84042,1
-0.70733,-0.077736,1
-0.92053,-0.11504,1
-0.37532,-0.71476,1
-0.44351,-0.83209,1
-0.55795,-0.76645,1
-0.35601,-0.033719,-1
0.80264,-0.13882,1
-0.29518,0.36613,-1
-0.94485,-0.27235,1
0.18589,-0.014431,1
-0.79652,0.26094,1
-0.019019,-0.92907,1
-0.87583,0.44049,1
0.85522,-0.42052,1
0.74013,-0.12068,1
0.75383,-0.37943,1
-0.79815,-0.24116,1
-0.7375,0.0048197,1
0.43696,-0.28576,-1
0.96204,0.11306,1
0.16637,-0.7539,1
0.33516,0.69656,1
0.91585,-0.16963,1
-0.034562,0.8537,1
0.25551,-0.45537,-1
0.2019,0.78082,1
-0.049609,-0.082459,1
-0.15174,-0.38397,-1
-0.63039,-0.61905,1
0.049124,-0.081519,1
-0.54755,-0.61436,1
0.32778,0.17747,-1
-0.17968,-0.74254,1
0.3746,-0.54308,1
0.90049,0.27106,1
0.77345,0.3792,1
0.44676,-0.084587,-1
-0.43416,0.38215,-1
0.055426,0.2701,1
0.80456,0.21758,1
-0.66259,-0.63281,1
0.82154,0.55943,1
0.17624,-0.3128,-1
0.30123,0.39019,-1
0.20616,0.019377,1
-0.29661,-0.47794,-1
0.3498,0.45432,-1
-0.80812,0.031765,1
-0.099509,0.2529,1
-0.0090619,-0.51072,-1
0.64761,0.041792,1
0.47658,-0.77174,1
0.51985,0.68867,1
-0.32739,0.81754,1
-0.74664,-0.027381,1
0.51406,-0.40295,1
0.1942,-0.97565,1
0.83344,0.097999,1
-0.27317,-0.73739,1
0.011733,-0.1373,1
0.8089,-0.06555,1
-0.88572,0.099493,1
0.066514,0.57102,-1
0.6736,0.23233,1
0.38236,0.82617,1
-0.83507,-0.050041,1
-0.39094,0.66968,1
-0.46467,-0.27768,-1
0.79946,-0.10678,1
0.45894,-0.65428,1
-0.81202,0.49307,1
-0.8393,-0.13283,1
0.2391,-0.57684,1
-0.36427,-0.12303,-1
-0.38439,0.42447,-1
0.33067,-0.85158,1
-0.33188,-0.06886,-1
0.08148,-0.70611,1
0.17646,-0.39139,-1
0.42032,0.17596,-1
0.49892,0.40571,1
-0.61504,0.6312,1
-0.47358,0.24665,-1
-0.081058,-0.54834,-1
0.70184,0.68736,1
-0.36295,0.20355,-1
0.35732,-0.84578,1
-0.76477,0.50007,1
-0.64805,0.26796,1
-0.78263,-0.62146,1
0.76148,-0.23653,1
0.20147,0.36066,-1
0.13241,-0.12179,1
0.41133,-0.47326,1
0.7562,-0.052347,1
-0.083165,0.056917,1
-0.78327,0.37527,1
0.74645,0.56216,1
0.7316,-0.38864,1
-0.36098,0.87681,1
-0.14698,-0.44501,-1
-0.8371,-0.22269,1
-0.20156,0.31929,-1
-0.28369,-0.47003,-1
0.12041,-0.047588,1
-0.35132,0.79805,1
0.037806,0.55762,-1
-0.53697,0.79931,1
-0.79689,0.44499,1
-0.69495,-0.71481,1
-0.68974,-0.44803,1
-0.52529,0.11301,-1
0.50845,0.63098,1
-0.12203,-0.32097,-1
0.93045,-0.2659,1
0.27018,-0.31248,-1
0.66895,0.039415,1
-0.79001,-0.50963,1
-0.74969,0.623,1
0.98499,0.087355,1
-0.93633,0.021673,1
0.51893,0.23641,-1
0.14806,0.12638,1
-0.56236,-0.083371,-1
-0.7421,-0.2803,1
-0.13837,-0.98876,1
0.21603,-0.69785,1
-0.37231,0.3394,-1
-0.69423,0.091864,1
-0.28798,0.9238,1
-0.71228,-0.43915,1
0.63728,-0.42117,1
0.49646,0.45822,1
0.88168,-0.0034487,1
0.49003,0.59427,1
0.13728,0.29487,-1
-0.0012344,0.92099,1
-0.026644,-0.50568,-1
0.36109,0.65947,1
-0.22783,0.057633,1
0.91568,0.35793,1
0.65887,-0.19538,1
0.92925,-0.025167,1
-0.43904,0.34906,-1
0.10598,-0.98612,1
0.48201,0.80124,1
-0.037631,0.74573,1
-0.012731,0.10859,1
0.31222,0.20204,-1
-0.48053,-0.66778,1
0.15798,-0.21073,1
-0.35987,0.83142,1
-0.24897,0.41926,-1
-0.87986,0.18573,1
-0.01386,-0.49574,-1
0.037422,-0.62962,1
0.77456,-0.19549,1
-0.32988,-0.093934,-1
-0.29963,-0.17689,-1
0.62827,0.41553,1
-0.034821,0.71163,1
0.73315,-0.38829,1
-0.061775,-0.68419,1
0.96016,0.24535,1
0.53911,0.51217,1
0.41047,0.31409,-1
-0.15726,0.91782,1
0.033692,0.95507,1
0.20632,0.71866,1
-0.16148,0.083722,1
-0.023499,-0.76895,1
-0.094283,-0.46636,-1
0.18018,0.059771,1
-0.81539,-0.018148,1
-0.092219,0.21952,1
0.83734,0.51516,1
-0.4201,-0.84702,1
-0.11563,0.47499,-1
0.33661,0.453,-1
-0.22121,0.44132,-1
0.93161,-0.1806,1
-0.042419,-0.0092988,1
-0.5439,0.32941,1
-0.16601,-0.79839,1
0.07474,-0.52712,-1
-0.24681,0.5032,-1
0.76929,-0.48679,1
-0.43915,-0.51345,1
0.065192,0.83849,1
-0.80563,-0.56148,1
-0.3345,-0.31078,-1
0.14468,0.80996,1
-0.40478,0.36374,-1
-0.31232,0.071878,-1
-0.43223,-0.28043,-1
-0.77739,0.38377,1
0.30387,0.57602,1
0.54627,-0.49185,1
0.53649,-0.31337,1
-0.44094,0.8346,1
-0.38627,0.80637,1
-0.24792,-0.067694,1
0.54221,-0.48655,1
0.45803,0.86705,1
0.31823,0.63948,1
-0.52126,-0.10913,-1
0.24119,-0.21885,-1
0.62439,0.30079,1
-0.0068508,0.88061,1
-0.066341,0.7393,1
-0.37196,0.29937,-1
-0.65862,-0.44692,1
0.90946,-0.28928,1
-0.62398,-0.40718,1
-0.61188,0.41125,1
-0.18392,-0.82562,1
0.33295,-0.90234,1
0.15383,0.18692,1
-0.50784,0.022349,-1
0.28496,0.45435,-1
0.30827,-0.13864,-1
0.043543,-0.90808,1
-0.20826,0.94361,1
0.039836,-0.66306,1
-0.85786,-0.31286,1
0.20961,0.77879,1
-0.59618,0.36036,1
-0.8683,-0.096278,1
0.39992,0.64898,1
-0.65935,-0.062216,1
0.73916,0.33267,1
-0.012109,-0.2624,1
-0.12999,-0.5621,-1
0.32804,-0.55576,1
0.23629,-0.43178,-1
0.56416,0.74672,1
-0.34314,-0.8423,1
-0.8071,0.30321,1
0.4107,-0.68188,1
0.68054,-0.14426,1
0.14528,-0.021406,1
0.64228,-0.022977,1
-0.89334,-0.33231,1
0.09013,0.79284,1
-0.31394,-0.57212,1
-0.69067,-0.1105,1
0.71806,-0.06666,1
-0.88552,0.036407,1
-0.96738,0.017614,1
-0.013954,0.99189,1
0.52247,-0.19264,-1
-0.53253,-0.40171,1
0.92845,0.19603,1
-0.15151,-0.88863,1
0.54433,-0.5957,1
-0.065993,0.90622,1
0.74088,-0.22808,1
0.3993,0.5893,1
-0.031156,-0.99278,1
-0.1268,-0.61424,1
0.48192,0.84363,1
0.95358,-0.054488,1
0.15262,0.196,1
0.17562,-0.119,1
0.31795,0.12931,-1
-0.18373,0.81566,1
-0.43864,-0.066007,-1
-0.31954,-0.75026,1
-0.83715,-0.081947,1
0.8832,0.066586,1
-0.30601,-0.54501,1
0.038752,0.76619,1
0.62949,-0.58905,1
-0.96129,-0.056688,1
0.35055,-0.44079,-1
-0.33289,-0.90353,1
0.67954,0.35584,1
0.33685,-0.52651,1
0.035489,0.53402,-1
-0.90068,0.31616,1
-0.61897,0.5676,1
-0.74648,0.64285,1
0.73568,0.65425,1
-0.060913,-0.22167,1
-0.67068,-0.016391,1
0.83289,0.3957,1
0.46004,0.80017,1
0.36052,-0.52869,1
0.19133,0.60536,1
0.66284,0.46591,1
-0.53221,-0.43749,1
0.56712,0.35039,1
0.30352,-0.54112,1
-0.45982,0.59784,1
-0.26267,0.93211,1
-0.0045915,-0.76894,1
-0.80136,0.49856,1
-0.89649,-0.09036,1
-0.069557,-0.10362,1
0.88366,-0.28037,1
0.35177,-0.56696,1
0.18019,0.20115,1
-0.36902,0.7352,1
0.84641,0.30471,1
-0.60527,-0.27704,1
0.8357,-0.037878,1
0.21356,0.64492,1
0.32284,0.78485,1
-0.078503,-0.68972,1
-0.13167,-0.29321,-1
0.57133,0.46431,1
0.64518,0.43855,1
-0.36831,-0.30653,-1
-0.4438,-0.31501,-1
-0.55579,-0.40992,1
-0.13787,0.39053,-1
-0.12179,-0.42532,-1
0.37628,0.2257,-1
0.037221,-0.07814,1
-0.92275,0.237,1
0.23022,0.80305,1
-0.84921,-0.25107,1
-0.025968,0.051343,1
0.97293,-0.11744,1
-0.14574,-0.65158,1
-0.19284,-0.044187,1
0.39889,0.1398,-1
-0.33249,0.16352,-1
0.52449,0.037657,-1
0.64133,0.38833,1
-0.76516,-0.47621,1
0.085847,0.42015,-1
-0.057867,0.83497,1
-0.62443,0.3199,1
-0.90797,0.41439,1
-0.16002,-0.87878,1
0.39421,0.67934,1
-0.37249,-0.31176,-1
-0.19749,0.59321,1
-0.058119,-0.19483,1
0.53424,-0.31634,1
0.89892,0.27951,1
-0.29605,0.80407,1
-0.045641,0.86057,1
-0.32317,0.89934,1
0.014398,-0.94899,1
0.51369,0.40327,1
-0.37241,0.35469,-1
0.27436,0.87278,1
-0.11934,0.43817,-1
0.63004,0.65591,1
-0.73494,0.15845,1
-0.6443,-0.30882,1
-0.32246,-0.39128,-1
0.516,0.026493,-1
-0.84046,0.0090662,1
-0.16778,0.41055,-1
0.30392,0.81276,1
0.30162,-0.63299,1
0.73364,0.54102,1
-0.27899,-0.5872,1
-0.33053,-0.27068,-1
-0.1599,0.69341,1
0.7854,-0.29663,1
0.17762,-0.046092,1
0.85645,0.032372,1
0.65383,0.4182,1
0.39622,0.6164,1
0.71659,0.11882,1
-0.67834,0.1602,1
-0.75758,0.51625,1
-0.1112,0.62662,1
0.085153,-0.62961,1
0.81275,-0.13251,1
0.030958,0.32535,-1
0.63043,0.27204,1
0.31481,0.20662,-1
-0.50221,0.24436,-1
0.72067,0.0049418,1
0.52339,0.80022,1
0.47966,-0.4552,1
-0.44538,0.017266,-1
-0.84495,-0.17746,1
0.050527,-0.15866,1
-0.081404,-0.054888,1
-0.30828,0.30781,-1
-0.34531,-0.44132,-1
0.42606,-0.66055,1
0.6049,0.5096,1
0.24981,-0.043757,1
-0.4737,-0.7874,1
-0.57634,0.57899,1
-0.94342,-0.20428,1
0.82755,-0.48764,1
-0.40608,0.76106,1
-0.97604,-0.083336,1
0.4283,0.87685,1
0.19838,0.30555,-1
0.35177,-0.83803,1
-0.3405,0.75199,1
-0.056327,-0.92413,1
-0.1746,0.17166,1
0.25021,0.040051,1
0.0069127,0.81981,1
0.25159,0.69573,1
-0.13956,0.81093,1
-0.71102,-0.49867,1
0.15959,0.51133,-1
-0.81916,-0.48421,1
0.076814,-0.37442,-1
-0.82503,-0.53747,1
0.75483,0.60938,1
-0.72426,-0.4835,1
0.015199,0.023228,1
0.24747,0.7058,1
0.47033,0.059778,-1
0.47778,-0.75556,1
0.3064,0.37689,-1
0.59325,0.27359,1
-0.10374,-0.53273,-1
0.26458,0.25855,-1
-0.21516,-0.2839,-1
0.18747,-0.48562,-1
0.53791,-0.54259,1
0.16097,0.70731,1
-0.72201,0.54366,1
0.26885,0.90372,1
0.38251,0.71469,1
0.61708,-0.72581,1
0.82414,-0.14568,1
-0.027802,0.63035,1
-0.79062,-0.32028,1
-0.023741,-0.35001,-1
-0.02092,0.97069,1
-0.76267,0.61431,1
-0.07463,-0.81194,1
0.44235,0.23848,-1
0.43056,-0.48902,1
-0.24797,0.70247,1
0.26283,0.89309,1
-0.53653,0.59002,1
-0.69488,0.45319,1
0.24574,0.9168,1
-0.35305,-0.86189,1
0.12371,-0.19428,1
0.61376,-0.35349,1
0.011755,-0.46052,-1
0.43744,-0.18757,-1
0.085089,0.49396,-1
0.71078,0.11771,1
0.31674,0.13465,-1
0.92863,-0.21599,1
-0.1656,-0.17293,1
0.11312,-0.66867,1
-0.59535,-0.53556,1
0.73008,0.32337,1
-0.058229,0.48428,-1
0.82614,-0.53581,1
-0.38249,0.51783,1
0.39204,-0.55855,1
-0.23884,-0.378,-1
-0.65553,-0.40583,1
-0.60805,-0.4291,1
-0.056859,0.029444,1
0.45121,0.75163,1
-0.44265,-0.44747,1
-0.3776,0.1211,-1
-0.62627,-0.01977,1
0.059216,0.058952,1
-0.059899,0.75744,1
-0.37061,-0.67887,1
-0.63974,-0.071841,1
0.72881,0.53686,1
-0.89012,-0.44347,1
-0.6555,0.67324,1
-0.27271,-0.83759,1
-0.24563,-0.47771,-1
-0.11447,0.41708,-1
-0.015928,0.81817,1
-0.37794,-0.88055,1
0.27344,-0.35863,-1
0.66613,0.56655,1
0.028901,-0.73295,1
-0.1053,-0.93014,1
0.21519,-0.73652,1
0.59046,0.67362,1
-0.59464,-0.40757,1
-0.67035,-0.73431,1
-0.39904,-0.75354,1
0.32088,0.60788,1
0.91125,-0.16998,1
-0.19936,0.9614,1
-0.26685,-0.051254,1
-0.21463,-0.52047,-1
0.11423,-0.13563,1
0.59129,0.29747,1
0.37949,0.81759,1
0.52292,0.81834,1
-0.79067,-0.60386,1
-0.13639,0.91049,1
-0.067163,0.43697,-1
0.19826,0.65307,1
-0.74999,-0.27498,1
-0.4798,0.26737,-1
-0.43563,-0.47813,1
0.14505,0.41442,-1
-0.005112,0.77361,1
